int:
  i_a: 666
  i_b: 125
  i_c: 456414
  i_d: 6564
float:
  f_a: 456.230011
  f_b: 999.900024
  f_c: 3.66000009