%YAML:1.0
---
int:
  i_a: 1325
  i_b: 123
  i_c: 456412
  i_d: 66
float:
  f_a: 4.5349998474121094e+00
  f_b: 589.
  f_c: 3.6600000858306885e+00
